0.0 0.0 0.0
0.0 0.2 0.007999999999999901
0.0 0.4 0.06400000000000078
0.0 0.6000000000000001 0.21599999999999656
0.0 0.8 0.5120000000000011
0.0 1.0 1.0
0.2 0.0 0.0
0.2 0.2 0.06451515151515146
0.2 0.4 0.17230303030303024
0.2 0.6000000000000001 0.3548484848484839
0.2 0.8 0.6328787878787879
0.2 1.0 1.0
0.4 0.0 -1.6653345369377348e-16
0.4 0.2 0.08575757575757573
0.4 0.4 0.21384848484848476
0.4 0.6000000000000001 0.40621212121212097
0.4 0.8 0.6726666666666667
0.4 1.0 1.0000000000000009
0.6000000000000001 0.0 4.440892098500626e-16
0.6000000000000001 0.2 0.08066666666666683
0.6000000000000001 0.4 0.20712121212121212
0.6000000000000001 0.6000000000000001 0.39948484848484833
0.6000000000000001 0.8 0.6675757575757573
0.6000000000000001 1.0 0.9999999999999991
0.8 0.0 8.062554302216821e-16
0.8 0.2 0.05378787878787905
0.8 0.4 0.1584848484848486
0.8 0.6000000000000001 0.341030303030303
0.8 0.8 0.6221515151515151
0.8 1.0 1.0
1.0 0.0 0.0
1.0 0.2 0.008000000000000002
1.0 0.4 0.06400000000000002
1.0 0.6000000000000001 0.2160000000000001
1.0 0.8 0.5120000000000001
1.0 1.0 1.0
