0.0 0.0 0.0
0.0 0.1111111111111111 0.0013717421124828703
0.0 0.2222222222222222 0.010973936899864568
0.0 0.3333333333333333 0.03703703703703824
0.0 0.4444444444444444 0.08779149519889744
0.0 0.5555555555555556 0.17146776406032327
0.1111111111111111 0.0 0.0
0.1111111111111111 0.1111111111111111 0.021849572369836263
0.1111111111111111 0.2222222222222222 0.05211658806063361
0.1111111111111111 0.3333333333333333 0.0977373643556995
0.1111111111111111 0.4444444444444444 0.16540012794823444
0.1111111111111111 0.5555555555555556 0.2613363094934391
0.2222222222222222 0.0 -8.326672684688674e-17
0.2222222222222222 0.1111111111111111 0.035281701418711425
0.2222222222222222 0.2222222222222222 0.07927722072961696
0.2222222222222222 0.3333333333333333 0.13776744648937456
0.2222222222222222 0.4444444444444444 0.21610708485738464
0.2222222222222222 0.5555555555555556 0.3188886761129632
0.3333333333333333 0.0 4.163336342344337e-16
0.3333333333333333 0.1111111111111111 0.042743496800358265
0.3333333333333333 0.2222222222222222 0.09468663117471396
0.3333333333333333 0.3333333333333333 0.1606916002397628
0.3333333333333333 0.4444444444444444 0.2451155731039321
0.3333333333333333 0.5555555555555556 0.3514248081039045
0.4444444444444444 0.0 -4.694657361272093e-15
0.4444444444444444 0.1111111111111111 0.04512088094545581
0.4444444444444444 0.2222222222222222 0.10014943326656638
0.4444444444444444 0.3333333333333333 0.16931197652847918
0.4444444444444444 0.4444444444444444 0.25635402555212494
0.4444444444444444 0.5555555555555556 0.3641397356859574
0.5555555555555556 0.0 1.0735192281562048e-15
0.5555555555555556 0.1111111111111111 0.043077562164834715
0.5555555555555556 0.2222222222222222 0.09696521286754795
0.5555555555555556 0.3333333333333333 0.16553981550539398
0.5555555555555556 0.4444444444444444 0.25233578534006257
0.5555555555555556 0.5555555555555556 0.3601214954738948
